frame,x,y,z,r1,r2,r3,r4,r5,r6,r7,r8,r9
0,,,,,,,,,,,,
1,,,,,,,,,,,,
2,,,,,,,,,,,,
3,,,,,,,,,,,,
4,,,,,,,,,,,,
5,83.84224700927734,-166.55667114257812,-1628.675537109375,-0.0611608094836569,-0.906553252843318,-0.4176368699510412,0.5990701380268784,-0.36801580804983414,0.7111113378015319,-0.7983572665841783,-0.20670163227373586,0.5655971270326721
6,70.81320190429688,-167.548583984375,-1618.1534423828125,-0.03561165081993261,-0.9117740862850612,-0.4091452381550114,0.6133287150558777,-0.34317548659165614,0.7113778691317898,-0.7890245228215566,-0.22560718291229523,0.5714382743609261
7,72.32233428955078,-166.57235717773438,-1616.711669921875,-0.04658565654475435,-0.902404922388938,-0.42836331851888176,0.6224948422634733,-0.3616068234183693,0.6940754113298134,-0.7812361665717145,-0.23431999766449949,0.5785881011002917
8,70.92338562011719,-165.7335205078125,-1617.3255615234375,-0.045704187627299546,-0.9011776123625526,-0.4310336857020083,0.6157421473819739,-0.3651839448894029,0.6982136451921067,-0.7866210874180556,-0.2334943197843206,0.5715834737443808
9,73.1044692993164,-163.89932250976562,-1620.856201171875,-0.04855257380649789,-0.9005242146278292,-0.4320865497162531,0.6123507986082877,-0.36859944172910714,0.6994004225054364,-0.789093877191147,-0.23063085315265616,0.5693331735930386
10,71.65630340576172,-163.04696655273438,-1619.5328369140625,-0.046985162277703114,-0.8997157124416868,-0.43394012410848326,0.6073633693435334,-0.3706224907371896,0.7026725460265488,-0.7930334999893816,-0.23054415226873523,0.5638681244309539
11,66.07816314697266,-159.86717224121094,-1688.52392578125,0.05177356637608474,-0.8762284801102199,-0.4791066149286973,0.6359385879004691,-0.34097692877620595,0.6923271238811198,-0.7700010456121852,-0.3405266284537526,0.5395739106647591
12,60.640464782714844,-116.38230895996094,-1788.08349609375,0.05783732254697053,-0.8714376733570135,-0.4870844131921209,0.553161373865721,-0.3781831622165374,0.7422869999393013,-0.831063979837645,-0.3123681758278446,0.46017255909756183
13,55.060699462890625,-115.96449279785156,-1795.60546875,0.06242450306061933,-0.8720782158906294,-0.4853686916011904,0.5506572857831287,-0.3755039879347742,0.7455020514116905,-0.8323939782528418,-0.31380940141126695,0.4567755735088182
14,56.271400451660156,-124.0157470703125,-1788.298095703125,0.04359346514917273,-0.875832110235596,-0.4806430322771262,0.5197972678432631,-0.39097026314312144,0.7595742581739309,-0.8531766582244071,-0.2829494089374655,0.43821138944916993
15,87.47854614257812,-260.2970886230469,-1675.479736328125,-0.05013832924726357,-0.8832810595503494,-0.4661552507265201,0.48230050999780427,-0.43012585990633817,0.7631369226395031,-0.8745698176796125,-0.18656450487551204,0.44757269747428086
16,90.67687225341797,-293.8990478515625,-1640.6695556640625,0.005374437871783716,-0.8360063003562717,-0.5486935220887719,0.49888857662211833,-0.4732970827341191,0.7260165697773909,-0.8666494698166722,-0.2776388611847984,0.4145302874658125
17,97.12106323242188,-304.6677551269531,-1566.36083984375,-0.10677497485824182,-0.9447188843310568,-0.3100086036423913,0.5749124247408058,-0.3130463584939976,0.7559614284553775,-0.8112181017597359,-0.09751003549343507,0.5765561415468574
18,97.23432922363281,-302.6753845214844,-1567.828857421875,-0.0771969874970639,-0.9568584217713303,-0.2801117380736783,0.5821377091571405,-0.27134484936698566,0.7664774362623366,-0.8094172673588417,-0.10389385644631087,0.5779703745816551
19,97.15846252441406,-301.91839599609375,-1568.555419921875,-0.0650168822902806,-0.9595424679197705,-0.27395448029862174,0.5803042818240703,-0.2596972530136497,0.7718835904939386,-0.8118003113536615,-0.10879149339723457,0.5737113084561762
20,92.94353485107422,-298.8833923339844,-1574.3681640625,-0.017396396665317285,-0.9628522086797929,-0.2694679751352794,0.581655093446484,-0.22895679633256688,0.7805486132720303,-0.8132494805721212,-0.1431586869651022,0.56403091466302
21,81.72761535644531,-289.29022216796875,-1587.2308349609375,0.06877249548019793,-0.9653568382377767,-0.25170720834530974,0.5853250979181092,-0.16527034552724104,0.793775939819583,-0.807876768828379,-0.20192049860494446,0.5536815317766599
22,72.46037292480469,-287.66326904296875,-1591.789306640625,0.10725607413476346,-0.9632986970034986,-0.24607266185531454,0.5897129268564647,-0.13762540461621878,0.7958001708359982,-0.8004591172943063,-0.23046663176170193,0.553308533446608
23,67.58766174316406,-285.5938415527344,-1597.2490234375,0.13556371813790388,-0.9591851746826774,-0.24816582962525002,0.5879542229542121,-0.1237223503867811,0.7993763892717117,-0.7974536413077161,-0.25427658304242695,0.5471847122145612
24,60.88917541503906,-279.30352783203125,-1607.2122802734375,0.19564425755073916,-0.9518294959445696,-0.23610153565219927,0.5836726323500939,-0.08045174930578808,0.8079936721776667,-0.7880669912722726,-0.29588532691491365,0.5398169046848408
25,59.35002136230469,-277.12945556640625,-1610.5931396484375,0.2169998836857402,-0.9487182919027414,-0.22987964914171918,0.5826058569369749,-0.06308172748154167,0.8103030983037628,-0.7832505767269554,-0.30976490806269386,0.5390401059195896
26,51.36090087890625,-274.0980224609375,-1619.80615234375,0.2595263722438267,-0.9369536911446675,-0.23401675743489322,0.5836486126033311,-0.04088764308782803,0.8109762620748705,-0.7694155958363239,-0.3470532830749557,0.5362403002299708
27,44.7296142578125,-268.9052429199219,-1631.8975830078125,0.31944733812592224,-0.9191123564408251,-0.23062062874351952,0.5779496978735106,-0.0038912497522606343,0.8160631133088195,-0.7509510935421697,-0.39397631199497146,0.5299576593414425
28,55.078704833984375,-274.21923828125,-1617.00244140625,0.21820933489607275,-0.9464655656377091,-0.23788152350761707,0.5876948917166287,-0.06715633205414286,0.8062907300193981,-0.7791016624384739,-0.31574192012959745,0.5415788395593768
29,64.80189514160156,-277.8785400390625,-1601.430419921875,0.12851797135965048,-0.9651007889991587,-0.22817449049094235,0.5854625739886623,-0.11187300449701602,0.8029433388000555,-0.80044781559835,-0.23678027354070633,0.5506527004980708
30,65.8896484375,-277.7402648925781,-1603.105712890625,0.1327192316539942,-0.9645112374209416,-0.22826230183255755,0.5819703522571296,-0.11058674964069583,0.8056556832156145,-0.8023067459786725,-0.23976789545856686,0.5466399561543995
31,71.57068634033203,-280.3616638183594,-1597.470947265625,0.07548375652861776,-0.9679124074228622,-0.23968265280826542,0.5731108480439181,-0.15458797778971434,0.8047648805565932,-0.8159939695578083,-0.198111404719077,0.5430522193726167
32,69.1876449584961,-284.26763916015625,-1607.8756103515625,0.12801796649727037,-0.9372891247954679,-0.32419206775312936,0.5607350314163778,-0.20121687079691117,0.8031737019158265,-0.8180388895378858,-0.2846065133598404,0.4998114722140514
33,72.34613037109375,-287.98358154296875,-1609.2957763671875,0.1358381861744243,-0.9237716451164537,-0.3580418060166764,0.5567521235724298,-0.22775345041810252,0.7988463173353426,-0.819496833474317,-0.30785437060644405,0.4833742095148208
34,73.30354309082031,-289.5964050292969,-1610.9608154296875,0.12722078856738983,-0.9187883473973703,-0.3736881636379466,0.5562727971219645,-0.24583072982154744,0.7938059129645678,-0.8212036569197663,-0.3088611742550601,0.47982218466780824
35,86.27889251708984,-297.3266296386719,-1608.342529296875,0.10719159504446295,-0.8949951471038565,-0.43300536787939475,0.5922287140880813,-0.2923446751270011,0.7508659941257599,-0.7986082344688173,-0.3369247357874371,0.49870493305477154
36,90.20777893066406,-307.2213439941406,-1608.2156982421875,0.0873008996479919,-0.8466604602358506,-0.5249234401261472,0.5916519689743862,-0.37986495832198613,0.7110911060108738,-0.8014527437905389,-0.37265088019787823,0.46776577574504474
37,94.24665069580078,-311.163818359375,-1611.0130615234375,0.07565607305264443,-0.806696621499011,-0.5861029939117649,0.5878250825026411,-0.4387075841180248,0.6797038531729017,-0.8054426304778114,-0.3959497651210411,0.4410056150544756
38,141.02444458007812,-319.79046630859375,-1597.7518310546875,-0.03327026114046982,-0.6242390908939137,-0.7805245973853644,0.5226994167604974,-0.6765081839049755,0.5187696953637787,-0.8518676008875328,-0.39072014858403703,0.3487970126715354
39,156.5022735595703,-323.1826477050781,-1603.5069580078125,0.0504023125833756,-0.5617991394433545,-0.8257368429511633,0.522481911580131,-0.6897914002939425,0.5011990384588684,-0.8511593616696111,-0.45669415477015746,0.25876280652549666
40,153.09036254882812,-327.6868896484375,-1599.652587890625,0.029698219939650893,-0.5731931496439482,-0.8188819383364531,0.5286392023619763,-0.6862859803667078,0.49955194612592596,-0.8483269472665061,-0.44772889827814,0.28263089744069625
41,153.64122009277344,-327.48699951171875,-1599.87646484375,0.032424451028028704,-0.5733346365086616,-0.8186794547043501,0.53150219600679,-0.6837980939800878,0.4999255767703418,-0.8464360995464991,-0.4513397403826524,0.28255684053979163
42,54.901893615722656,-258.242919921875,-1520.385986328125,0.02336331149642364,-0.7709828389025292,-0.6364272289851509,0.5227521807428003,-0.533215551299378,0.6651400855317224,-0.8521644871763712,-0.34823359684312066,0.39057527933182756
43,40.13079071044922,-215.1319580078125,-1476.79638671875,0.03915180081922662,-0.8048282390884639,-0.5922150302536858,0.519738824910612,-0.4897862177800116,0.699986438978133,-0.8534276128490031,-0.33520287355348477,0.39912447079618996
44,41.05327606201172,-211.8909454345703,-1473.8526611328125,0.039873576689129275,-0.8141548187957676,-0.57927716070431,0.5207582845454876,-0.47784583652796325,0.7074419874379327,-0.8527724825293422,-0.32987162282397364,0.4049244441821473
45,38.45995330810547,-213.88748168945312,-1477.7694091796875,0.04188316539380563,-0.8048820689058415,-0.5919549439023609,0.5171307528944773,-0.48947669584328446,0.7021312901709563,-0.8548810355057516,-0.3355255867742323,0.39572843687612463
46,12.384788513183594,-207.402099609375,-1486.5576171875,0.16173511907809385,-0.8070825508717513,-0.5678551816573851,0.5197994104711536,-0.41945994174667184,0.7442190068412119,-0.8388386758671992,-0.4155371383501428,0.35167963051780293
47,7.138618469238281,-205.4468994140625,-1488.2933349609375,0.2022538175855658,-0.8142931970678086,-0.5440771843049034,0.5136537689881642,-0.38480709784123823,0.766865896396011,-0.8338184447925809,-0.43456885146095187,0.340436065162889
48,-1.5597305297851562,-202.97799682617188,-1491.7152099609375,0.25330446451058614,-0.8115157197473314,-0.52657296252464,0.50512169546959,-0.3532773877036394,0.7874307335272223,-0.8250387391055841,-0.4654431479141821,0.3204274567430276
49,12.558059692382812,-206.94595336914062,-1488.57080078125,0.1854227672205631,-0.8357681340670882,-0.5168268795973042,0.4940622035316504,-0.375345022186586,0.7842312499264494,-0.8494238850172031,-0.40075895548043444,0.343323933282421
50,34.71919250488281,-206.15509033203125,-1479.360107421875,0.04146870295417726,-0.8581984213915722,-0.5116403191660246,0.4801379532491122,-0.431961004453903,0.7634639719599926,-0.8762122417114768,-0.2773177963135228,0.39414077094708166
51,104.04801940917969,-202.34573364257812,-1446.9532470703125,-0.365762960233751,-0.8179496121129228,-0.44404491773396354,0.37978949042017596,-0.5667461704940407,0.731135227708748,-0.8496925325595291,0.0987785921880783,0.51794342339479
52,105.48817443847656,-205.33975219726562,-1444.2071533203125,-0.3781224564959602,-0.8154826587828944,-0.4381911011394937,0.3918299251562375,-0.5698235686439159,0.7223367707447611,-0.8387447273429013,0.1014353678077512,0.5349935967020429
53,106.11347961425781,-203.42697143554688,-1446.3350830078125,-0.3903114161997244,-0.8062386333304352,-0.44456300398215487,0.3826974566206086,-0.5812439480835602,0.7181212498682608,-0.8373766506658057,0.11015779110760887,0.5354116229388465
54,146.90248107910156,-199.45291137695312,-1442.6190185546875,-0.5842076313646961,-0.7114474643553109,-0.39056875056467305,0.3166169087545482,-0.642882943223274,0.6974634430586987,-0.7472985859386898,0.28380279557287497,0.6008334184106735
55,146.05450439453125,-199.42147827148438,-1444.563232421875,-0.5804713684442543,-0.7038388404494851,-0.4094677973799395,0.30793330343687675,-0.6552564919177437,0.6897941797624161,-0.7538103680972472,0.2743169999733451,0.5970930517722649
56,143.3160858154297,-199.81617736816406,-1447.6810302734375,-0.5774108580462327,-0.7001092757596812,-0.42005202416554077,0.3127433104776758,-0.664902441263085,0.6783040360736872,-0.7541805637655862,0.2602916548751506,0.6028763817239634
57,147.3824005126953,-204.83836364746094,-1451.1278076171875,-0.6157224603928054,-0.6736737099789079,-0.4087169977516039,0.30480975826948664,-0.6819544844409527,0.664852684746457,-0.726620164206532,0.284783801565554,0.6252370137270697
58,147.258056640625,-211.4122772216797,-1455.2877197265625,-0.6535383853483065,-0.6268526764379063,-0.4241972429412548,0.278509481295131,-0.7202866903589664,0.6353105953157427,-0.7037897752205878,0.29705690655892836,0.6453194143682605
59,109.9385757446289,-229.88314819335938,-1459.0048828125,-0.5423888716505904,-0.7069385619687057,-0.4539297098794238,0.3403022707040968,-0.6788706181442004,0.6506374169798006,-0.7681202226625954,0.1984251834373089,0.6087846664582109
60,14.083683013916016,-254.72930908203125,-1468.4156494140625,-0.2538288689920281,-0.8419985450839191,-0.47603503583537954,0.3593338112752058,-0.5390182361506526,0.7617995492066624,-0.8980256774394942,0.022311234246507872,0.43937693554138096
61,-0.0702056884765625,-295.5264892578125,-1425.8939208984375,-0.032843679648636145,-0.912494841392066,-0.40776765092391265,0.24836918637099256,-0.4026412021170091,0.8810180529473735,-0.9681084856401936,-0.0723410449927144,0.23985981997994818
62,1.597686767578125,-291.66656494140625,-1427.7557373046875,-0.032310613904308685,-0.9224543260522924,-0.3847519208224149,0.25019362835188036,-0.38016162812870363,0.8904382543616679,-0.9676565364638674,-0.06749187244360891,0.2430754504116114
63,46.04449462890625,-265.81787109375,-1420.71484375,-0.06256904846921982,-0.9701145714907352,-0.2344415329138664,0.28107887227901884,-0.24252194518722708,0.9285352840150763,-0.9576428257612601,-0.007798992495873937,0.28785307707932856
64,50.53369140625,-264.7685852050781,-1421.138916015625,-0.06175414555417678,-0.9723772591068065,-0.22509751548786142,0.2805057494900643,-0.23334653401097927,0.9310563460758323,-0.9578637429247914,-0.00564455817556699,0.2871675276787259
65,49.173072814941406,-263.57763671875,-1423.270751953125,-0.06456988717148454,-0.9714882635847893,-0.22812558687633544,0.2765655612419803,-0.23706919540464455,0.9312946294943952,-0.958823351825335,-0.002958091818247238,0.28398772805743666
66,110.20567321777344,-250.79039001464844,-1422.247314453125,-0.12106840167973172,-0.9750608935027633,-0.1860072473757628,0.3006440193880446,-0.21460305241900832,0.9292785930487398,-0.9460209383099912,0.056584307489245166,0.3191278747227298
67,112.80635833740234,-252.93418884277344,-1421.509521484375,-0.14198084007181214,-0.9701982365533973,-0.19635891332246802,0.29566866596762925,-0.23087887497929568,0.9269708652666583,-0.9446806238181372,0.07355492421974727,0.31963759495028465
68,112.09410095214844,-252.13931274414062,-1422.1075439453125,-0.13939779983191153,-0.9708409663280871,-0.19502838639841197,0.29128438088564906,-0.22843927379637885,0.9289611981344792,-0.9464257302367082,0.07268642436197427,0.31463474197771696
69,112.29742431640625,-251.85659790039062,-1423.2071533203125,-0.14540762935836368,-0.968843155075592,-0.2004982847496529,0.2934906595338812,-0.23576960979045947,0.9264318236468466,-0.9448385333435275,0.07586588141204606,0.31862911660239907
70,110.40924835205078,-251.39364624023438,-1423.73828125,-0.13968871168871608,-0.9706776553195939,-0.19563218878804756,0.2922132928870477,-0.22918090034295385,0.9284866753907142,-0.9460964302262509,0.07253278142501203,0.31565889870538455
71,98.93364715576172,-255.04904174804688,-1450.467041015625,-0.13096676548799535,-0.9709421268770225,-0.20029751020203995,0.3605107379074003,-0.23484888601448442,0.9027059369424892,-0.9235148695018799,0.04601507354421565,0.380792461605592
72,104.67757415771484,-229.50311279296875,-1623.5123291015625,-0.0676487061545757,-0.979209408841973,-0.1912396041382783,0.6673063437143424,-0.18690252185675754,0.7209505468214724,-0.7417047230496835,-0.07884402931698627,0.6660763641256567
73,105.12368774414062,-234.85037231445312,-1659.146728515625,-0.07930080175757817,-0.9643248971744608,-0.2525645967471904,0.6568421336494854,-0.2411309216633213,0.7144328450460468,-0.7498465138302616,-0.10923997119764732,0.6525310984078386
74,104.31501007080078,-235.45541381835938,-1659.4263916015625,-0.08267882626830145,-0.9629001097467164,-0.2568804981633631,0.6558122807402355,-0.246654975984945,0.7134925194086879,-0.7503828783475718,-0.10947466132227943,0.6518748610056884
75,110.54110717773438,-226.11483764648438,-1662.811279296875,-0.024212278341147545,-0.9783786149274833,-0.20539973571090597,0.6900638518142803,-0.165018045986456,0.7046849827533228,-0.7233433804195416,-0.12467690384105275,0.679139178410316
76,109.44088745117188,-226.4020233154297,-1662.093994140625,-0.023135704720194505,-0.9807492387471842,-0.1938960284892874,0.6908909517917526,-0.15586704911959648,0.705956907842848,-0.7225887017518238,-0.11762820110657085,0.681196869051118
77,109.49667358398438,-227.1075439453125,-1660.793701171875,-0.025619687303675615,-0.9813447871610989,-0.19054143993945108,0.6880083358641073,-0.1555901136481825,0.7088273741302937,-0.7252504128947213,-0.11293416332838888,0.679159563982834
78,98.15735626220703,-231.68431091308594,-1656.8814697265625,-0.04275585035847251,-0.984479770779136,-0.17021021763332492,0.6817394125831499,-0.1532883020451175,0.7153559042790565,-0.7303446519218894,-0.08545336378858791,0.6777126323349075
79,92.9510726928711,-239.28591918945312,-1656.9471435546875,-0.0825729842506799,-0.9682341817449366,-0.2360175238677208,0.6646173503880252,-0.22997248536373485,0.7109123951225128,-0.7426072177370335,-0.0981591833520427,0.6624947508384668
80,90.45965576171875,-242.4453887939453,-1655.57958984375,-0.10286074014642425,-0.9611053753244148,-0.2563125546262718,0.6541153699205342,-0.25948376306730664,0.710493673116202,-0.749368234561789,-0.09457607639855675,0.655364490038026
81,93.42985534667969,-240.104736328125,-1656.1912841796875,-0.09493958710650365,-0.9660054521074106,-0.24045777446113878,0.6591320768781622,-0.24201581982226825,0.7120205391602379,-0.7460103082600984,-0.09089449628284801,0.6597020619303537
82,98.51094818115234,-239.71408081054688,-1652.109375,-0.101485826326651,-0.9705766021233125,-0.21836136669649697,0.6577008271835342,-0.23014114170646316,0.7172619304104607,-0.7464115814863083,-0.07082453180085864,0.6617050979993259
83,188.92413330078125,-287.48077392578125,-1602.8668212890625,-0.34546372812526527,-0.8831996669589747,-0.3171957768214278,0.5460355145853694,-0.46407735432354513,0.6974793373395012,-0.7632168953589037,0.06775365294664928,0.6425802775926922
84,200.9676055908203,-350.292236328125,-1605.838623046875,-0.33194005016272526,-0.864569680056487,-0.3772732052836392,0.5258898781590957,-0.5016405950199151,0.6868744786916143,-0.7831064034649307,0.02959698895308569,0.6211830479795243
85,185.78952026367188,-355.5665588378906,-1603.5335693359375,-0.3097889164153615,-0.8688573997696013,-0.38615754056058926,0.5272301080658294,-0.4949537458047228,0.6906874855263903,-0.7912390538990665,0.010373445882676729,0.6114189653628919
86,186.01702880859375,-354.5454406738281,-1603.7578125,-0.3054739913470434,-0.8752361269681843,-0.37502981569501725,0.5320393749403192,-0.4835265529915025,0.6950799781789647,-0.7896959820865374,0.012798226513384069,0.6133648679819307
87,185.845703125,-352.060302734375,-1601.178466796875,-0.29592105811497843,-0.89269057115976,-0.3399033267365487,0.5372800871406477,-0.4497675716561833,0.7134698588228083,-0.7897853096419619,0.028507466547580764,0.6127205635726526
88,-25.388935089111328,-268.522216796875,-1493.9359130859375,-0.16395641273834655,-0.9799732682481993,-0.11300746984565169,0.5159051329800329,-0.1828243299790843,0.8369092890705381,-0.8408092461948949,0.07891551106494732,0.5355484605771271
89,-51.62522888183594,-221.70004272460938,-1479.8701171875,-0.10128169737390752,-0.9947777881184846,0.012616261060849262,0.5094111290127242,-0.04096366634696722,0.8595477180921347,-0.8545421694773416,0.09348331565316685,0.5108997458204971
90,-40.18533706665039,-216.04635620117188,-1475.408203125,-0.05059919107341478,-0.9893714037365812,0.13632295232653602,0.46294422935635915,0.09771244571592352,0.8809851976383369,-0.8849420107376318,0.1076870624565442,0.45307961133902014
91,89.63969421386719,-210.60076904296875,-1451.4278564453125,-0.4689905015004809,-0.8828087412981109,0.02639385894431526,0.33131587855799144,-0.14815189000858472,0.9318158649122853,-0.818704890737605,0.44575749435598855,0.3619703829152285
92,81.14932250976562,-208.79127502441406,-1451.4071044921875,-0.4257694613412884,-0.9031225449888043,0.055588078956680755,0.3480629753510999,-0.10676448563983836,0.9313718429262291,-0.8352080764569322,0.4158978400268578,0.3598005776567145
93,78.30232238769531,-209.26065063476562,-1451.3524169921875,-0.41832154566563373,-0.906785859596575,0.052406958198465615,0.35268400020888685,-0.10898898408562804,0.9293736586242589,-0.8370311107889437,0.4072601210328398,0.3654013045786012
94,70.7551040649414,-208.33702087402344,-1455.5247802734375,-0.400805129950135,-0.9153059144715594,0.03962739884269047,0.35551540268185533,-0.11552184703176735,0.9275039090560897,-0.8443719833471582,0.3858364754552778,0.3717070996720874
95,68.09040069580078,-213.82760620117188,-1453.8101806640625,-0.391276563186862,-0.919413621155121,0.039764863071624135,0.3663542186157528,-0.11598060446275475,0.9232188721483628,-0.8442080535052474,0.3758019327024297,0.3822115510734857
96,61.45722961425781,-254.410888671875,-1502.9686279296875,-0.19376812665138213,-0.9535858152644786,0.23049513231388116,0.6996558646015888,0.030374060801811372,0.7138340756499447,-0.6877031221556414,0.29958556266413694,0.6612963831903176
97,45.46571731567383,-257.05877685546875,-1527.2713623046875,-0.09519967661570065,-0.9675685932461273,0.23398298856108393,0.7715762763539546,0.0767933641377347,0.6314846229261447,-0.6289730291038177,0.24065285493448774,0.7392422688617369
98,44.95473098754883,-257.65399169921875,-1527.26806640625,-0.09810117042357426,-0.96943999260335,0.22486053700625516,0.7655520149526319,0.07085319312661333,0.63946066135903,-0.6358508258730896,0.23487427650762321,0.7352059585391909
99,45.107147216796875,-250.56936645507812,-1532.977294921875,-0.10503133768067702,-0.9741470983108966,0.20001462185917296,0.7390132400845778,0.05812874671910252,0.671178426191248,-0.6654531156172475,0.21830822168971736,0.7138022634161169
100,23.286460876464844,-201.20242309570312,-1554.2730712890625,-0.1723423383588831,-0.972704623362332,-0.15538286294999243,0.21631636528185885,-0.19126549483238112,0.9574052123305836,-0.9609918566357561,0.13138959690960417,0.24337507124538058
101,45.814022064208984,-227.66664123535156,-1522.7137451171875,-0.22813900538751444,-0.9587887428491068,-0.16934208220824792,0.17728394663415464,-0.211928922674691,0.9610705145824436,-0.9573520755117283,0.18923603863898172,0.2183271059525407
102,46.14879608154297,-227.93447875976562,-1523.074462890625,-0.2299443364449174,-0.9603629783697366,-0.15757078382021023,0.18820109456573808,-0.20273364783933523,0.9609783639801754,-0.9548329435776526,0.1913165382567989,0.22735881783707018
103,49.63419723510742,-226.8062744140625,-1523.226806640625,-0.23798169011157874,-0.9593133871126991,-0.15192939306795492,0.19203860557954042,-0.19980980626708547,0.9608315228418433,-0.9520955252172453,0.19948400092706786,0.23177628057121671
104,52.45783996582031,-224.15408325195312,-1524.3018798828125,-0.2410543403922312,-0.9618336001207335,-0.12949490591083207,0.2079286269350181,-0.18151447768319304,0.9611546080065972,-0.9479759971006567,0.20476479206686518,0.24374759250263184
105,18.424880981445312,-232.9440155029297,-1523.10498046875,0.0546188332170202,-0.9979184549338419,0.03428615406348593,0.3372825177149647,0.05075778693095798,0.9400341218858632,-0.9398176878000679,-0.0397794465562963,0.3393527800531608
106,36.860015869140625,-290.76513671875,-1451.3013916015625,0.3860701504374986,-0.8867982790748687,0.25404458500629057,0.4418479837088301,0.4195199393788756,0.7929523187153096,-0.8097655205265339,-0.1938861333190069,0.553794157673224
107,37.13279724121094,-288.1574401855469,-1453.873779296875,0.3736746837581333,-0.8934680418850974,0.24916277580784174,0.43952474409056885,0.40710778841669387,0.8006754947808684,-0.816814073122139,-0.18967895703129045,0.5448271865547302
108,37.896446228027344,-286.7043762207031,-1454.1341552734375,0.3736351395503128,-0.8923351199765712,0.25324852645102697,0.43588843721016685,0.40990739883558974,0.8012347937317245,-0.8187783905304882,-0.18898136954800326,0.5421143690809757
109,44.57769775390625,-280.67755126953125,-1455.055419921875,0.368407737093849,-0.8920889312114505,0.26163539145039505,0.4261293295990719,0.41216564917127524,0.8053156350765003,-0.8262502851465984,-0.18519399680668175,0.5319902723188947
110,42.407958984375,-281.3983459472656,-1455.156982421875,0.36391914584664825,-0.8940564424834598,0.2612009436048532,0.42550301093415926,0.4090353403232549,0.807240532959417,-0.828559015986315,-0.18262849728467562,0.5292794998933272
111,42.380889892578125,-282.185302734375,-1455.2554931640625,0.3528521055308397,-0.9009697276416752,0.2524855272995642,0.4270819830048075,0.3951745753357936,0.8132884081313693,-0.8325240965972904,-0.17913850753386618,0.5242261188679981
112,35.50300598144531,-281.31005859375,-1459.8564453125,0.35984602306210395,-0.9032786937942487,0.23366309298591317,0.42798407472916233,0.3823423945659884,0.8189285225804318,-0.8290599926812356,-0.1946840893727625,0.5241732861187106
113,-33.968048095703125,-288.85247802734375,-1478.1646728515625,0.3675494627901501,-0.9280373456395521,0.06044896608683038,0.4821094388516938,0.24571589367271518,0.840948386386896,-0.7952847800459764,-0.2799471105314603,0.537728308658108
114,-49.6102294921875,-296.8067932128906,-1475.774169921875,0.3604409948011897,-0.9310788142952611,0.056342975047998255,0.4925071216146839,0.24126176784930897,0.8361994346643897,-0.7921609839076572,-0.27365123961852744,0.5455235784360705
115,162.9737548828125,-259.58648681640625,-1445.2684326171875,0.13639769758165068,-0.9529355957997038,0.2707571205938786,0.40693162134221283,0.3030835555761807,0.8617116767754155,-0.9032177609227038,-0.007355854618174172,0.4291195261889324
116,159.03775024414062,-256.1878662109375,-1449.754150390625,0.14400266113050783,-0.9504036007622826,0.2756741359747408,0.39864876996408566,0.31068764528566234,0.8628744666942997,-0.9057275483242484,-0.014359064208304389,0.4236170741148286
117,158.91232299804688,-256.3219299316406,-1450.10791015625,0.1418590970225379,-0.9519343704857198,0.271471823362769,0.39690294546773375,0.3059339096136347,0.8653741935299165,-0.9068318744238025,-0.015013235376581578,0.4212250637041201
118,158.8992462158203,-256.1236267089844,-1450.777587890625,0.14016920337129407,-0.9526621348017522,0.26979149605060715,0.39659809548399716,0.30368836051560943,0.8663044097462551,-0.9072279454937017,-0.01443040547972257,0.42039174386870126
119,145.46717834472656,-245.88967895507812,-1467.838134765625,0.15849541031828598,-0.9654779246399112,0.20671618693524757,0.3882760762503923,0.25344137486909135,0.8860074255422831,-0.9078110450526793,-0.06016516049571183,0.41504127498706384
120,110.55506134033203,-177.93695068359375,-1566.9129638671875,0.11476749213684866,-0.9926743510975258,0.037763148991108345,0.4174820992117673,0.08269157550721315,0.9049148027178421,-0.9014084088726677,-0.08808936379178324,0.4239140766716817
121,113.4745864868164,-177.48318481445312,-1564.7625732421875,0.10970219246157514,-0.9926812368977314,0.05049149314799032,0.4252184802339326,0.09278508684515742,0.9003222599306768,-0.898417872171223,-0.07729740985522493,0.43228513436504523
122,111.24944305419922,-179.43490600585938,-1563.1317138671875,0.10330465429844517,-0.9938687717285348,0.039408285716230805,0.422209002086068,0.07968999952873779,0.9029889603603115,-0.9005929751878844,-0.07664442939916194,0.42785269016837035
123,109.59038543701172,-180.6886749267578,-1561.4017333984375,0.09833971814763533,-0.9946407424589249,0.03192324036501382,0.4253095083643294,0.07100837071460109,0.9022580747121913,-0.8996894586075442,-0.07515054709858465,0.4300131083365336
124,109.3219223022461,-180.4736328125,-1561.83203125,0.10118426989442068,-0.9942813531366388,0.03415163730639526,0.4211656324410045,0.07390996438854511,0.9039672710970529,-0.9013219477947387,-0.07708377240936339,0.42623566070266783
125,109.12820434570312,-180.6339111328125,-1561.0960693359375,0.10516691807327568,-0.9936748833465616,0.0393718878029221,0.41990145791088357,0.08026012956906868,0.9040138700517104,-0.9014558696837485,-0.07854003951968239,0.42568624267758914
126,3.957000732421875,-241.2366485595703,-1508.7896728515625,-0.10096026310495794,-0.9902570527135904,-0.0959061771981922,0.5674982190722532,-0.1364987060001611,0.8119814496711748,-0.8171614262944615,0.027551276037144964,0.5757500591099635
127,7.0426025390625,-238.0415802001953,-1508.3870849609375,-0.07434873892970568,-0.9949349124669492,-0.06765193991266305,0.5688448583962186,-0.09803275497878566,0.8165813529755963,-0.8190774029942155,0.022228335647400156,0.5732522211021934
128,7.0538330078125,-238.34841918945312,-1508.064453125,-0.0837319514553162,-0.9939147681047164,-0.0715709022496747,0.5683806625899391,-0.10662995492204405,0.815826865889537,-0.8184939723048095,0.02763125868777559,0.5738502686624996
129,7.1385955810546875,-238.37911987304688,-1508.0130615234375,-0.08397106563379812,-0.9938904284722606,-0.07162873953624066,0.5674660487802347,-0.1067839291958295,0.8164431859886201,-0.8191038661965115,0.0279107265531786,0.572965834692786
130,13.915168762207031,-230.91693115234375,-1510.6280517578125,-0.04209648549957267,-0.9987426178268008,-0.027222587038215687,0.5618975859839589,-0.04619556651380374,0.8259158991688369,-0.8261349700708619,0.01947185073221586,0.5631357369720719
131,14.451622009277344,-231.2950439453125,-1509.1251220703125,-0.04560706862071726,-0.998769061098637,-0.019502766059523648,0.5620490830630744,-0.04179506385129688,0.8260472146709432,-0.8258455203727768,0.026712080222501152,0.56326338532733
132,24.74340057373047,-223.72515869140625,-1513.99560546875,-0.04943431135780732,-0.9986803446662339,-0.013921854686488162,0.5422026799586886,-0.03853977078602234,0.8393634134946417,-0.8387922881775889,0.03394488540403678,0.5433923463287936
133,105.1617431640625,-225.581787109375,-1491.49267578125,-0.4078206875755767,-0.9076796752879086,-0.09899441324953932,0.3870605391603398,-0.2700585708290472,0.8816192530490016,-0.8269621670973171,0.321225738992082,0.4614624565429997
134,200.95782470703125,-235.63265991210938,-1499.2967529296875,-0.7581154646047512,-0.6395408521077005,-0.12746937205650014,0.2544741063893972,-0.4701015597769543,0.8451316185497927,-0.6004197460980442,0.608269695102946,0.5191378492413447
135,197.917236328125,-233.03965759277344,-1497.7314453125,-0.7471196555336851,-0.6577648036410143,-0.09569578572918232,0.2780149337985842,-0.44000910414275196,0.853873342397139,-0.603754848345085,0.6113406999068447,0.5116078886581136
136,201.0995330810547,-229.89987182617188,-1496.7274169921875,-0.7376583089346922,-0.6722753316583097,-0.062498781614684126,0.28974574207567105,-0.3988109824737842,0.8700558632681661,-0.6098422945390299,0.6236951809193372,0.48897514976669965
137,198.3963623046875,-231.16778564453125,-1496.82275390625,-0.7392928237420138,-0.6695541134500506,-0.07171757055057491,0.2871174496874746,-0.40976362169397024,0.8658275488925039,-0.6091056483472471,0.6195087275401031,0.4951759744304261
138,199.55868530273438,-231.52883911132812,-1497.5927734375,-0.7399125091495347,-0.6686669744060839,-0.07357959053061705,0.28833223788938683,-0.4140589564676672,0.8633769172051129,-0.6077779194720204,0.6176080131503476,0.49916564654906115
139,164.3004608154297,-228.35858154296875,-1483.6544189453125,-0.5376443565548727,-0.8426574127784211,0.029445382562882726,0.41767073751992106,-0.23582674557318176,0.8774604840629161,-0.732454572573796,0.4840601520079292,0.4787442619539147
140,107.17304992675781,-226.3768768310547,-1495.1768798828125,-0.1558889795461224,-0.9869843686233604,0.03950293848836238,0.5123336939711883,-0.046599083647584395,0.8575212600425963,-0.8445192786893059,0.15391680056560475,0.5129296310662336
141,106.7937240600586,-227.0906982421875,-1495.8109130859375,-0.1498951297212465,-0.9883687452555332,0.025664634964352787,0.49999828939182356,-0.05338425123800801,0.8643794492727181,-0.8529555443814765,0.14239854325715565,0.5021847211805025
142,107.20496368408203,-226.60400390625,-1496.316162109375,-0.1471044829350019,-0.9887642849001623,0.02656049710183051,0.49711163948771453,-0.050690063090384256,0.8662046729207419,-0.8551258907238526,0.14062612278578784,0.4989829702544709
143,104.53630065917969,-228.37844848632812,-1495.4603271484375,-0.14643659086220975,-0.9890872126481944,0.016211435238100123,0.4938535657094994,-0.05889675938369067,0.8675481700574976,-0.8571260003597294,0.13504687152957293,0.49708888742096025
144,61.15001678466797,-279.5489501953125,-1657.3438720703125,0.003201405750497792,-0.9293755792723862,-0.3691216380183328,0.3525989584315042,-0.34436704543024416,0.8701064949387876,-0.9357690556511468,-0.13293746903623738,0.32659440260359696
145,,,,,,,,,,,,
146,,,,,,,,,,,,
