frame,x,y,z,r1,r2,r3,r4,r5,r6,r7,r8,r9
0,-33.7349739074707,289.9163513183594,-1259.4571533203125,-0.9450660329618604,-0.19120452059374676,-0.2651245455370881,-0.12078966564840016,-0.5493956230107441,0.8267855260520617,-0.303743395013422,0.8133912224269156,0.49611961185239223
1,-33.729248046875,289.916748046875,-1259.4263916015625,-0.9452337628648863,-0.19047880852593083,-0.2650489710276759,-0.12063776049125201,-0.5506641816712361,0.8259633707180986,-0.30328149347420347,0.8127033791777228,0.49752743963440554
2,-33.725440979003906,289.94134521484375,-1259.486572265625,-0.944993895193013,-0.1912817068329362,-0.2653259253804936,-0.120444524915068,-0.5506795349736002,0.8259813352487106,-0.30410467682349146,0.8125043743835093,0.4973499644533433
3,-33.73310852050781,289.92822265625,-1259.478271484375,-0.9451074835053724,-0.19098323807833795,-0.265136280797734,-0.12054124940410829,-0.550404520705175,0.8261505133929308,-0.3037131077418927,0.8127608912591816,0.4971700733404435
4,-33.739830017089844,289.9205017089844,-1259.4755859375,-0.9450790825411757,-0.19088940675295216,-0.26530503601069394,-0.12069996334845148,-0.550508800341276,0.8260578548712503,-0.30373845095873536,0.8127123077303032,0.4972340075586874
5,-33.7325553894043,289.9185791015625,-1259.471435546875,-0.9451763487059789,-0.19054962357685248,-0.2652027729899402,-0.12073184481848043,-0.5506706976445035,0.8259452793027166,-0.3034229580858382,0.8126823633563335,0.49747551175510546
6,-33.75840759277344,289.9189453125,-1259.4776611328125,-0.9449859893829293,-0.19129100063439292,-0.26534738164575666,-0.1202006584530474,-0.5513675590602074,0.8255577608644004,-0.3042257082782781,0.8120354474358132,0.4980413140797645
7,-33.71657180786133,289.9200439453125,-1259.4583740234375,-0.9452022997193477,-0.1905634790366645,-0.2651003075492352,-0.12058632833991867,-0.5508007807638448,0.8258797959312458,-0.30339998355760284,0.8125909551351046,0.49763881441248586
8,-33.73508834838867,289.92510986328125,-1259.489990234375,-0.9450737580198596,-0.19099287564823828,-0.26524953035554305,-0.1202761196519737,-0.551364334943428,0.825548923561684,-0.30392309379789434,0.8121078078703637,0.4981080820989642
9,-33.73504638671875,289.940673828125,-1259.5406494140625,-0.9451017011424587,-0.19123456805336425,-0.2649756865810025,-0.12073032933112096,-0.5491627722321518,0.8269488721643538,-0.30365599298750806,0.8135413877460328,0.49592685786013796
10,-33.736873626708984,289.9331359863281,-1259.493408203125,-0.9451731329344987,-0.19053633798357364,-0.2652237785090045,-0.12066845552275404,-0.5509086399213247,0.8257958551008772,-0.30345818924612533,0.8125241992506103,0.49771231952968303
11,-33.74021530151367,289.9296875,-1259.5301513671875,-0.9450701331848753,-0.19094800960173766,-0.26529474361746525,-0.12048791024779114,-0.5509680507296835,0.8257825806828654,-0.3038504679049255,0.8123872627658976,0.4976965224408247
12,-33.73417282104492,289.9304504394531,-1259.4732666015625,-0.9452138943558196,-0.19063059507965893,-0.26501069815439615,-0.12083216242782675,-0.5498359073730111,0.8264865779226622,-0.3032660258580256,0.8132284126755979,0.49667823223633106
13,-33.73625564575195,289.9342346191406,-1259.4871826171875,-0.9452212672781787,-0.1904950286561637,-0.2650818740357796,-0.12063109931027928,-0.5507358146057428,0.8259165819801308,-0.30332308478621783,0.8126510361574862,0.4975875798971843
14,-33.72684860229492,289.9269104003906,-1259.466552734375,-0.9451768007382088,-0.19064524560281146,-0.2651324304481219,-0.12048502420384703,-0.5510299871640096,0.8257416740050304,-0.30351964399175696,0.8124163609720543,0.49785086334769174
15,-33.73595428466797,289.9286193847656,-1259.4801025390625,-0.9453040933910181,-0.19025900239856006,-0.2649560020540963,-0.12100358121682095,-0.549780037339946,0.8264986653801638,-0.3029163322617151,0.8133531966795191,0.49668729911315207
16,-33.726253509521484,289.9341125488281,-1259.489501953125,-0.9450933250728074,-0.19108180100702443,-0.2651157336461499,-0.12054769530946752,-0.5501981919637857,0.8262869977891196,-0.3037546049994965,0.8128774168862688,0.49695416796512215
17,-33.72945022583008,289.9395751953125,-1259.4925537109375,-0.9452165421991422,-0.1906534142141168,-0.26498483730507577,-0.12076171445556137,-0.5499314945166844,0.8264332759880856,-0.3032858332907268,0.8131584267454566,0.49678071252616396
18,-33.74261474609375,289.9251708984375,-1259.448974609375,-0.9451977384258833,-0.19057651538095308,-0.26510719918525194,-0.12065442604748401,-0.5506158274777313,0.8259931718883429,-0.3033871202766322,0.8127132349828361,0.49744693479202956
19,-33.740142822265625,289.9200744628906,-1259.4658203125,-0.9451936718955759,-0.1906786446432117,-0.26504825425870376,-0.1207297002666905,-0.5501297981860003,0.8263059630798666,-0.303369843725565,0.813018363645532,0.4969586283515639
20,-33.73893737792969,289.91510009765625,-1259.4576416015625,-0.945282362942148,-0.1903530872207839,-0.26496595346577256,-0.12092701405840442,-0.5498740710883913,0.8264473142406582,-0.3030147052230762,0.8132676116323553,0.4967674307846447
21,-33.73097610473633,289.9336853027344,-1259.535400390625,-0.9451562891836787,-0.1908600626476559,-0.26505098660950377,-0.1207352617815008,-0.5498615847899094,0.8264836563023383,-0.3034840779663588,0.8131572259154204,0.4966615954172891
22,-33.74467849731445,289.9333190917969,-1259.542236328125,-0.9450938105672455,-0.19102454134339109,-0.26515526363251923,-0.1206663297754556,-0.5500550741039725,0.8263649631434011,-0.30370598625316014,0.8129877244196376,0.4968034157058251
23,-33.746402740478516,289.9244384765625,-1259.46630859375,-0.9451701675029252,-0.19066915667671658,-0.2651388827665273,-0.12043745447782454,-0.5511381217548682,0.8256764440792883,-0.30355917713255604,0.8123373950771354,0.4979556029787189
24,-33.74313735961914,289.9219055175781,-1259.457763671875,-0.9451918314727594,-0.19052914521131067,-0.2651623022645142,-0.12074297998021027,-0.5505754731358093,0.826007131426102,-0.3033702927161275,0.8127516799160285,0.49739438305132105
25,-33.75352478027344,289.9162902832031,-1259.3970947265625,-0.9451380386727913,-0.1906384424064534,-0.26527546462232504,-0.12075168267180414,-0.55066045494974,0.8259492081759465,-0.30353437858943916,0.8126684733834496,0.49743022966335326
26,-33.73710632324219,289.9209289550781,-1259.4559326171875,-0.9452883756403606,-0.1902425108796816,-0.2650239120030544,-0.1208240562814639,-0.5504448070442719,0.8260823577717225,-0.30303701804053934,0.8129073141829815,0.4973432056888979
27,-33.728450775146484,289.9035339355469,-1259.447509765625,-0.9451149687715003,-0.19072084318516241,-0.2652984277729272,-0.12025137779147257,-0.5519342192764748,0.8251716328927704,-0.30380471020591326,0.8117845635181844,0.49870684824884054
28,-33.747344970703125,289.9266052246094,-1259.4521484375,-0.9451696596820951,-0.19073223370670656,-0.26509532142548736,-0.12052489016016336,-0.5507118433747825,0.8259480712603119,-0.303526053689486,0.812611641924972,0.4975281440679392
29,-33.73945236206055,289.917236328125,-1259.4271240234375,-0.9453474720482067,-0.18996384283362033,-0.26501301007299316,-0.12085427052857334,-0.5507380566707907,0.8258824602989745,-0.30284055604735505,0.812773850065542,0.4976808879820123
30,-33.738372802734375,289.9351806640625,-1259.4827880859375,-0.9451862880739804,-0.19095321916763142,-0.2648768561547976,-0.12093215165027595,-0.5487919594888654,0.8271655214632718,-0.303312208020326,0.8138576369918084,0.49561825145563837
31,-33.73594665527344,289.9283752441406,-1259.4609375,-0.9450603887503467,-0.19117213768697514,-0.26516801350697594,-0.12061994156807318,-0.5499980061071635,0.8264097185865248,-0.30382839121971167,0.8129916402093793,0.496722157386305
32,-33.7427864074707,289.9340515136719,-1259.546630859375,-0.9449989919783348,-0.19136562683448025,-0.26524724697191104,-0.12052445491135874,-0.5501621579323835,0.8263143806975062,-0.30405716720421405,0.8128350366743733,0.4968384468077315
33,-33.73878860473633,289.9537353515625,-1259.5716552734375,-0.9451331345001829,-0.19091275961793627,-0.2650955983884365,-0.12068579452139605,-0.5500231858306702,0.8263833456994516,-0.3035758506050811,0.8130355547353044,0.49680467959315494
34,-33.72755813598633,289.93707275390625,-1259.47802734375,-0.945256238856607,-0.19032086079661614,-0.26508227562078884,-0.1207624222381702,-0.5506345033870332,0.8259649393617654,-0.30316180544031385,0.8127604897049008,0.49750709150404976
35,-33.73573684692383,289.94158935546875,-1259.5167236328125,-0.9451896692497563,-0.19072576755299414,-0.26502862248228515,-0.12067103973489805,-0.5501735201561191,0.8262854215634711,-0.3034056514187483,0.8129777237479177,0.49700325087148
36,-33.73251724243164,289.9278259277344,-1259.5615234375,-0.9453709195537272,-0.18996065168225792,-0.2649316426450266,-0.12111043947603377,-0.5498637063572354,0.8264273506370696,-0.3026649730511645,0.8133663720879637,0.49681893969976815
37,-33.734703063964844,289.9372863769531,-1259.5150146484375,-0.9451881855433949,-0.19074822169030553,-0.26501775380372355,-0.12083297367092811,-0.5496818678614375,0.8265889163412501,-0.3033458197882835,0.813304961294561,0.4965041324607751
38,-33.74018096923828,289.9297180175781,-1259.4217529296875,-0.9450330908939042,-0.1913209425793752,-0.2651579794123741,-0.12056790628511478,-0.5499010600374414,0.8264818232385525,-0.30393393540297103,0.8130222143953003,0.4966075329777279
39,-33.742820739746094,289.9331359863281,-1259.5091552734375,-0.9452618690934473,-0.1903615572659781,-0.26503297220012884,-0.12074092601291792,-0.5505182719509162,0.8260455562701856,-0.30315281232986374,0.8128296929636916,0.4973995000128625
40,-33.732173919677734,289.9299621582031,-1259.4754638671875,-0.9452027758712493,-0.19064784490892367,-0.26503794391910734,-0.12078425388711138,-0.5500035240802348,0.8263820469445452,-0.30331975949189116,0.8131110150101927,0.49683759999709737
41,-33.738468170166016,289.9280700683594,-1259.4261474609375,-0.9452573582226375,-0.19017746909494168,-0.2651811776401236,-0.12078916192314185,-0.5510001182329582,0.8257171719597278,-0.30314766218439704,0.812546244810662,0.4978655390326048
42,-33.73585891723633,289.92852783203125,-1259.4842529296875,-0.9451279114062281,-0.19066819352355954,-0.26529016389486304,-0.12081888666432751,-0.5504723095197992,0.8260647874574552,-0.3035391699700275,0.8127889495006688,0.4972304253195956
43,-33.74706268310547,289.9216003417969,-1259.4677734375,-0.9450193885163591,-0.19131357334522148,-0.2652121263857466,-0.12037613065019064,-0.5505509375090364,0.8260770256928887,-0.30405253246413666,0.8125840152635319,0.4972517226117386
44,-33.75033950805664,289.95025634765625,-1259.5264892578125,-0.9451932533295146,-0.19065737036170777,-0.26506505048219114,-0.1205246920689911,-0.5507487979748072,0.8259234590026971,-0.30345265275169836,0.812604164803543,0.49758512727159926
45,-33.73906326293945,289.94525146484375,-1259.5322265625,-0.9453255444555442,-0.1901578818865343,-0.264952061619184,-0.1205250719255781,-0.5511997013244406,0.8256225507440926,-0.30304013271704333,0.8124154535804168,0.49814436536667
46,-33.7368049621582,289.9325256347656,-1259.468505859375,-0.9452647929514587,-0.19036512543770998,-0.2650199808005443,-0.12097173867335154,-0.5498635573188987,0.8264477640933833,-0.3030516616829254,0.813271902471548,0.49673786145363097
47,-33.73117446899414,289.9315490722656,-1259.4932861328125,-0.9451547405737522,-0.19079138750726132,-0.26510594641391433,-0.12067894874607574,-0.5502394636779728,0.826240354824744,-0.30351129748413846,0.8129176951355104,0.4970369334718136
48,-33.73240280151367,289.931884765625,-1259.4910888671875,-0.9452063052965788,-0.1906563359136664,-0.265019248364276,-0.12098440236383183,-0.5494107720563024,0.8267469854394172,-0.30322898082514643,0.81350965890054,0.4962400830880856
49,-33.749908447265625,289.9347229003906,-1259.5460205078125,-0.945030952346328,-0.1913601267520171,-0.26513732479008817,-0.12070365958764381,-0.5494335020276733,0.8267729152625631,-0.3038866987374455,0.813329040880171,0.49613379807406616
50,-33.7518196105957,289.93536376953125,-1259.4844970703125,-0.9450890651385965,-0.1907116830658764,-0.2653972737192954,-0.12056592983151679,-0.5513372991927826,0.8255247053133359,-0.3037606220682919,0.8121922410741123,0.4980695212715746
51,-33.75383758544922,289.9101257324219,-1259.4139404296875,-0.9449818174226737,-0.1912600100138743,-0.26538457624744005,-0.12023303503710275,-0.5514121936816793,0.8255232340430675,-0.3042258733676468,0.8120124390849262,0.49807872544914183
52,-33.744728088378906,289.9375305175781,-1259.52734375,-0.9451691764732764,-0.19058466507156663,-0.26520315474063894,-0.12070689119103552,-0.5506882193918413,0.8259372442516675,-0.3034552261270582,0.8126622733107535,0.497488648386648
53,-33.732574462890625,289.9216613769531,-1259.4613037109375,-0.9452652672504657,-0.190498052735494,-0.2649227555984775,-0.12108132514189592,-0.5491506781612653,0.8269055843183699,-0.3030064145060104,0.8137223264597128,0.49602730589071853
54,-33.742801666259766,289.9258728027344,-1259.483642578125,-0.9451667219644369,-0.1905370066590656,-0.26524614376914885,-0.12068343940836784,-0.5509198817841068,0.8257861656067825,-0.30347219830417344,0.8125164201100116,0.4977164774327282
55,-33.73310470581055,289.93426513671875,-1259.49755859375,-0.9451747383095674,-0.19080305134532638,-0.2650262433396996,-0.12081159146866866,-0.5496806189545994,0.8265928722850785,-0.303396231730469,0.8132929439894345,0.4964930148841475
56,-33.729862213134766,289.9298400878906,-1259.482177734375,-0.9452130243048755,-0.19055926007146093,-0.26506509971221837,-0.12077640045158927,-0.5502150979127847,0.8262423416424398,-0.3032909490545148,0.812988631181176,0.4970554152121969
57,-33.73196792602539,289.9205627441406,-1259.4150390625,-0.945222919545353,-0.19043794797076277,-0.265116993681741,-0.12072408302293922,-0.5506507142915261,0.825959736687269,-0.3032809393028677,0.812722079694478,0.49749722917082967
58,-33.72789764404297,289.9164733886719,-1259.4384765625,-0.9450968283289182,-0.19101992702665996,-0.26514783152299987,-0.120635357363613,-0.5501271866655961,0.8263214804452017,-0.30370889950143537,0.8129400137587803,0.49687970213473315
59,-33.76070785522461,289.91748046875,-1259.4268798828125,-0.9451813479482253,-0.1907798751507076,-0.2650193553841992,-0.1206646989024694,-0.5500913270056764,0.8263410690458938,-0.3034340948699609,0.8130206462265361,0.4969156657621424
60,-33.73933029174805,289.91766357421875,-1259.43310546875,-0.9452616978944332,-0.1903898122071295,-0.26501328627347587,-0.12101647334797093,-0.5496924127597805,0.8265550583795074,-0.30304345508879277,0.8133818111822178,0.4965628797703084
61,-33.73115921020508,289.93145751953125,-1259.511962890625,-0.9450249438788143,-0.19127469019678045,-0.2652203769263772,-0.12071294409579265,-0.5497251234102827,0.8265776877095555,-0.30390169557699076,0.8131520654721817,0.4964146229149127
62,-33.72856903076172,289.93603515625,-1259.474609375,-0.9452060591469896,-0.19058773122914002,-0.2650694672283979,-0.12066645288598085,-0.55047919356662,0.8260824805055238,-0.3033564123267102,0.8128031583078236,0.49731872370251085
63,-33.74319839477539,289.931396484375,-1259.4862060546875,-0.9450369562846032,-0.19116235783147967,-0.2652585610393046,-0.12062520165150474,-0.5502097271556033,0.8262680054739444,-0.3038991806222369,0.8128506683836003,0.496909527907714
64,-33.733097076416016,289.9407653808594,-1259.4942626953125,-0.9452248911486737,-0.1904518542162595,-0.2650999743088758,-0.12079002590399494,-0.5504141819555897,0.8261077399130644,-0.30324853634451426,0.8128790313003206,0.49726050082141265
65,-33.738407135009766,289.9204406738281,-1259.4727783203125,-0.9451483232836991,-0.19092165513088316,-0.2650350327713236,-0.12051734621666188,-0.5503197336001432,0.82621048170013,-0.30359548128209307,0.8128327702623411,0.4971244022704404
66,-33.73509216308594,289.9439697265625,-1259.49462890625,-0.9451763424643393,-0.19084760166157294,-0.26498844236260444,-0.12089125253145716,-0.5493146379786867,0.8268244877624994,-0.30335950076948176,0.8135297299068853,0.4961273947793257
67,-33.73996353149414,289.9176025390625,-1259.4515380859375,-0.945199725761905,-0.19052754615287185,-0.2651353099392555,-0.12095724361832673,-0.549940240597176,0.8263988607132617,-0.3032603232140277,0.8131820127922688,0.49675767778187185
68,-33.739559173583984,289.9212646484375,-1259.432861328125,-0.9453859753790896,-0.18978862202561467,-0.26500120095227025,-0.12095495541423981,-0.550691677994337,0.8258986466561865,-0.3026801221046179,0.8128462060792311,0.4976603148185858
69,-33.735782623291016,289.93438720703125,-1259.52978515625,-0.9449605694565623,-0.19170412158445507,-0.2651396838269631,-0.12057930415632419,-0.5492806348335699,0.8268926264068431,-0.3041548184420332,0.8133512857089259,0.4959329918992394
70,-33.74006271362305,289.9342956542969,-1259.4622802734375,-0.9453021017350884,-0.1902319170926414,-0.2649825544719552,-0.12102188199998361,-0.5498320625628422,0.8264613766263205,-0.30291523654713426,0.8133243637670945,0.49673517971897724
71,-33.740272521972656,289.9334716796875,-1259.520263671875,-0.9448788621204003,-0.19180987358929283,-0.265354307128633,-0.12033216374186552,-0.5502915024619789,0.826256275429929,-0.30450633209714745,0.8126427472830834,0.49687791156474675
72,-33.732887268066406,289.9284362792969,-1259.4482421875,-0.9451716891345482,-0.19076999713436793,-0.2650609104562532,-0.12062818361426988,-0.5503006141242787,0.8262070414928473,-0.3034786967424017,0.8128813211581347,0.4971163227412056
73,-33.74531173706055,289.8973693847656,-1259.3984375,-0.9454279843580522,-0.18962892117914112,-0.2649656555954105,-0.12094317872041191,-0.5508693770916236,0.8257818579405152,-0.30255358849908415,0.8127630661115954,0.49787300032358167
74,-33.731685638427734,289.85577392578125,-1259.27392578125,-0.9448279131560412,-0.19235809747902138,-0.2651387879120136,-0.12024118265495837,-0.5492495849736373,0.8269624848806771,-0.30470029949925775,0.8132178402743871,0.495816974038328
75,-33.736122131347656,289.9342346191406,-1259.4788818359375,-0.9452093926756207,-0.19054318921355226,-0.2650896019124721,-0.12043971926161919,-0.5511973945241875,0.8256365461230077,-0.3034361185191487,0.8123267355652378,0.4980479863064978
76,-33.73923873901367,289.9349060058594,-1259.4622802734375,-0.9452599596864258,-0.19019452977555196,-0.26515966785518724,-0.1208227027518225,-0.5508353621250957,0.825822183240593,-0.30312618348364645,0.8126539513691984,0.4977027950601315
77,-33.7450065612793,289.94439697265625,-1259.4822998046875,-0.9450764337709555,-0.19103755050359644,-0.2652078215821672,-0.12054961366013343,-0.5504717522840102,0.8261044973753404,-0.3038063939043505,0.8127025927330104,0.49720837763243436
78,-33.75204849243164,289.92279052734375,-1259.44482421875,-0.9450300831587763,-0.19095892189350558,-0.2654295237425293,-0.12014785380005814,-0.5521752079434035,0.825025474127859,-0.30410957754098394,0.8115646800359962,0.4988788780514918
79,-33.73387145996094,289.92376708984375,-1259.453369140625,-0.945104408797908,-0.19093081775434328,-0.2651849907185821,-0.12061456591044428,-0.5503972719309352,0.8261446420217341,-0.3036935675331168,0.8127781160209974,0.4971538505899018
80,-33.731781005859375,289.9169006347656,-1259.4130859375,-0.9450363776689525,-0.19106715401013868,-0.2653292059702643,-0.12039619479073899,-0.5511231711913758,0.8256924405950874,-0.30399177811621064,0.8122540198942862,0.4978276870598069
81,-33.74481964111328,289.94757080078125,-1259.5345458984375,-0.9451041256141252,-0.19108453533391537,-0.26507525743339583,-0.12063857666932049,-0.5498562734358199,0.8265013081553308,-0.3036849116541023,0.8131080979300932,0.49661926615280005
82,-33.73976135253906,289.9394226074219,-1259.5078125,-0.945136057758816,-0.19084115122447837,-0.2651367332593502,-0.1208323164450561,-0.5498295043038259,0.8264908151331937,-0.30350845725720044,0.8131833564432593,0.496603911761707
83,-33.74821853637695,289.9333190917969,-1259.4456787109375,-0.9452975227338937,-0.19032751516559188,-0.26493023701354823,-0.12067655362799647,-0.5504989610558798,0.8260678321305495,-0.30306725807588114,0.8128507432778099,0.49741723556294176
84,-33.7398796081543,289.93365478515625,-1259.5042724609375,-0.9452474431305813,-0.19026963777499412,-0.2651504029717299,-0.12048166643274821,-0.5516196348418502,0.8253483788743585,-0.3033009055520379,0.8121042072283065,0.49849304638419717
85,-33.73809814453125,289.9296875,-1259.4735107421875,-0.9450928256988906,-0.1910898996916817,-0.2651116765597269,-0.12063527050401794,-0.5499427169915485,0.8264442749141504,-0.30372138930755044,0.8130483738768416,0.49669473463417624
86,-33.740264892578125,289.9300537109375,-1259.4835205078125,-0.9452876988357434,-0.19028768644471653,-0.26499389203780205,-0.12100835481026616,-0.5498150439289671,0.8264746793069349,-0.3029655830221277,0.8133228226583251,0.4967069977835594
87,-33.73512268066406,289.933349609375,-1259.4720458984375,-0.9452014156877511,-0.19065363584538755,-0.2650386291105614,-0.12082850366106425,-0.5498782082122802,0.8264589698444083,-0.30330637396022453,0.8131944092725839,0.4967092673213514
88,-33.736148834228516,289.9356384277344,-1259.4739990234375,-0.9452743994546668,-0.1904399833193523,-0.26493192047947656,-0.12111659538454969,-0.5491606488192348,0.8268937973590637,-0.30296382631937124,0.8137291899285424,0.49604206011200697
89,-33.74101257324219,289.9342956542969,-1259.501953125,-0.9450795286386884,-0.19094327804662994,-0.26526467747682053,-0.12070343914892336,-0.5503280227497368,0.8261777939124163,-0.30373568168013515,0.8128220788986801,0.4970562379943855
90,-33.74538040161133,289.9078674316406,-1259.4361572265625,-0.9454204434147615,-0.1896153908585293,-0.2650022428640987,-0.12110665354045096,-0.5505354558569978,0.825980562914504,-0.30251175785689516,0.8129924448565894,0.4975237893452298
91,-33.758995056152344,289.92584228515625,-1259.4732666015625,-0.9452050439294798,-0.1905791559815467,-0.26507925274459215,-0.12052298509161208,-0.5508986848969344,0.825823739694758,-0.30341660303100937,0.812520906982823,0.49774304688356347
92,-33.74704360961914,289.93707275390625,-1259.525390625,-0.9450056082609007,-0.19127686257267035,-0.2652876970381414,-0.12072104008362643,-0.5498578820437271,0.8264881971543903,-0.30395860053068474,0.8130617881801743,0.4965276404840774
93,-33.751243591308594,289.93487548828125,-1259.5162353515625,-0.9449901030192048,-0.19124693708724713,-0.26536449319850397,-0.12051069405630281,-0.5506425119955088,0.8259963659734489,-0.3040902461668583,0.8125376502279893,0.49730442301286354
94,-33.73806381225586,289.936279296875,-1259.502197265625,-0.9450746019528654,-0.1910778409202901,-0.2651853228458787,-0.12052283955376727,-0.5504331287028719,0.826134139212431,-0.30382271457139187,0.8127192808932293,0.49717112604702074
95,-33.73250961303711,289.9242858886719,-1259.4737548828125,-0.9452190624256226,-0.19060663121658836,-0.2650095020249098,-0.12102867558091157,-0.5493402570233414,0.8267873618413986,-0.3031715417290311,0.8135689240315124,0.4961780145631703
96,-33.73196029663086,289.9388732910156,-1259.5262451171875,-0.9449536915206629,-0.19128769445740593,-0.2654647600542153,-0.1201129352243283,-0.5518798757112023,0.8252281415322579,-0.30436064737949997,0.811688130216377,0.49852479937569166
97,-33.73843002319336,289.93353271484375,-1259.470458984375,-0.9450373408459228,-0.19127870725092666,-0.26517330287810126,-0.12024493211394545,-0.5508607050063823,0.8258896052020416,-0.3040486485873265,0.8123822621354343,0.49758364066751104
98,-33.739013671875,289.9165344238281,-1259.4320068359375,-0.9451923883935287,-0.19063311461184224,-0.2650855796461302,-0.12085483922718644,-0.5499470450860331,0.826409314708221,-0.3033240128283739,0.8131526690693014,0.4967668266170393
99,-33.74833297729492,289.9283142089844,-1259.4737548828125,-0.9452430555532443,-0.19038239269900367,-0.26508510044619393,-0.12100561235640751,-0.5499006918575177,0.826418096893379,-0.3031059347928001,0.8132427519780461,0.496752472211822
100,-33.74930953979492,289.9272155761719,-1259.4766845703125,-0.9452667075443564,-0.19037682570934247,-0.26500474682746167,-0.12065110279338243,-0.550671068513244,0.8259568304077538,-0.3031734866425379,0.8127226086035241,0.4975618539053109
101,-33.747596740722656,289.915771484375,-1259.4832763671875,-0.945082023940027,-0.19132666216813968,-0.2649793885739432,-0.12093188859611224,-0.5484997381751224,0.8273593629991746,-0.30363703059080216,0.8139669192082812,0.49523974809033616
102,-33.748374938964844,289.9403076171875,-1259.500732421875,-0.9452542838703728,-0.1903347686548598,-0.26507926110091906,-0.12085015478344992,-0.5503722562147951,0.8261268786801769,-0.30313293934101654,0.8129348408268259,0.4972397466578258
103,-33.743553161621094,289.924072265625,-1259.42578125,-0.9449495300733795,-0.19140601087639786,-0.26539428142762184,-0.12027838418914784,-0.5511050411931628,0.8257217109101165,-0.304308225177939,0.8121865380390558,0.497744443984246
104,-33.74037170410156,289.93048095703125,-1259.481689453125,-0.9451898352507149,-0.1906353556904134,-0.26509307139100363,-0.12056732106465111,-0.5507317534740307,0.825928602729505,-0.30344636499720923,0.8126208813931678,0.49756166119765655
105,-33.748023986816406,289.9195556640625,-1259.5218505859375,-0.9450079954242251,-0.19145623178964832,-0.26514976879717633,-0.12060641670556638,-0.5495855688210147,0.8266860315701027,-0.30399667898470684,0.8132036730442073,0.49627190663352977
106,-33.733917236328125,289.9247741699219,-1259.4635009765625,-0.9451547295898898,-0.19066659889937132,-0.26519574883095026,-0.1209594947353763,-0.5498767850202887,0.8264407552445086,-0.3033996337625091,0.8131923323297493,0.4966557085878285
107,-33.74406814575195,289.9283447265625,-1259.4942626953125,-0.945085968856801,-0.19122269786674703,-0.2650403578524688,-0.12068987464826711,-0.5494396514208412,0.8267708410460122,-0.30372103257329336,0.8133572088984689,0.49618906185596745
108,-33.74887466430664,289.92333984375,-1259.50244140625,-0.945034174814122,-0.19131284795234596,-0.2651599567086895,-0.12064110157696589,-0.5497214303862107,0.8265906324078653,-0.3039015186597259,0.8131455854780871,0.49642534561987367
109,-33.74020767211914,289.9305419921875,-1259.509521484375,-0.9452348848696284,-0.1905392095126837,-0.2650015510592005,-0.1208183513684385,-0.5499823912409775,0.8263911273104697,-0.3032060988801395,0.8131507725896457,0.4968419091006203
110,-33.759429931640625,289.9267883300781,-1259.4580078125,-0.9450527334120112,-0.19118236812993378,-0.2651879205143334,-0.12054203176702133,-0.5502383796886104,0.8262610629184524,-0.3038831183991048,0.8128265667618664,0.4969587736605045
111,-33.73944091796875,289.9410400390625,-1259.5196533203125,-0.9451723702999966,-0.19079616891931173,-0.265039642972895,-0.12088916665643078,-0.5495139132754645,0.8266923663018783,-0.3033727077484062,0.8134072049363705,0.49632017806150247
112,-33.74599838256836,289.9316711425781,-1259.50048828125,-0.9449328689028739,-0.19161665092583544,-0.26530158754698546,-0.12043722370657349,-0.5501637052461662,0.8263260691613585,-0.30429713835794947,0.8127748498309825,0.49678999091103565
113,-33.752349853515625,289.9381408691406,-1259.478271484375,-0.9451785688818591,-0.1904623527053432,-0.26525754490379017,-0.12053725299318971,-0.5514448493919686,0.8254570544370706,-0.30349339954486093,0.8121777331846858,0.4982560447718511
114,-33.750492095947266,289.93292236328125,-1259.50732421875,-0.9455750746127201,-0.18914589165807547,-0.26478597005887716,-0.12149838932496752,-0.5496473802943229,0.8265143064261058,-0.3018707002386744,0.8137023958453482,0.49675194144859935
115,-33.747657775878906,289.9244079589844,-1259.4649658203125,-0.9453240071000087,-0.1900456454697385,-0.2650380618672972,-0.12095620902189484,-0.5504057895081707,0.826089016011555,-0.3028731039551622,0.812979778047325,0.49732460565176917
116,-33.75083541870117,289.94024658203125,-1259.535400390625,-0.9450953234144887,-0.19092796456648062,-0.2652194223780825,-0.12046732851179429,-0.5508757829841541,0.825847137479344,-0.30378026996711693,0.8124545427702992,0.4976295444511003
117,-33.73764419555664,289.9024353027344,-1259.395263671875,-0.9450919716525306,-0.19109494468370666,-0.2651110847065118,-0.12087472600801837,-0.5492928360543504,0.8268413879770743,-0.3036288288855633,0.8134863873327564,0.4960337003610559
118,-33.74018096923828,289.9303894042969,-1259.508056640625,-0.9450165169445315,-0.19141152273849393,-0.2651516767153417,-0.12055388571781925,-0.549794403277152,0.8265548226000834,-0.3039910250983753,0.8130730244498654,0.49648938918328106
119,-33.7431755065918,289.932373046875,-1259.496826171875,-0.9450596600033934,-0.19117607753767066,-0.2651677703107623,-0.12052644276675484,-0.5502419488655373,0.8262609601709665,-0.30386776010011796,0.812825630185199,0.4969696965467525
120,-33.75225830078125,289.92657470703125,-1259.476318359375,-0.9451700892978451,-0.19071124901843958,-0.26510888667589094,-0.12057533758730204,-0.5506385716736382,0.8259895588631394,-0.3035046791441802,0.8126662186181006,0.4974520347275161
121,-33.7455940246582,289.9337158203125,-1259.47412109375,-0.9449606332716649,-0.19152577996450665,-0.26526831166915016,-0.12044374677481395,-0.5501983028950062,0.82630208238531,-0.30420832570733247,0.8127728484025795,0.49684765418576654
122,-33.741119384765625,289.9277038574219,-1259.4986572265625,-0.9451969796612519,-0.19073084439200486,-0.2649988955387542,-0.12067748022033757,-0.5500793503156406,0.8263471752986106,-0.3033803147979723,0.8130402532186431,0.49691642279084286
123,-33.74361801147461,289.9195556640625,-1259.4537353515625,-0.9452183554006693,-0.19054894174389392,-0.2650535066999411,-0.12093442537353881,-0.5497789726036215,0.8265094954339472,-0.30321135429469914,0.8132860395231116,0.4966172495429312
124,-33.74861526489258,289.9233093261719,-1259.4595947265625,-0.9451765876684678,-0.19075288918610084,-0.26505575524886493,-0.12071999140403689,-0.55006707864617,0.8263491348486288,-0.3034269299169082,0.8130433839942511,0.4968828372407085
125,-33.7504997253418,289.9184265136719,-1259.4478759765625,-0.9453399504145183,-0.19009362051042575,-0.26494677501625474,-0.12102097488019109,-0.5499488296155043,0.8263838142434694,-0.3027974600113479,0.8132777509841118,0.49688328404656645
126,-33.75200653076172,289.9252014160156,-1259.44873046875,-0.9449559047004888,-0.191368639065001,-0.26539853457411905,-0.1202453229224866,-0.5512566149992705,0.82562534283706,-0.3043014960313988,0.8120924752772651,0.4979020095471569
127,-33.74018096923828,289.93780517578125,-1259.503173828125,-0.94510933337722,-0.19084055938038896,-0.26523240537054854,-0.1208135393355664,-0.5501047206743395,0.8263104047541822,-0.3035991381352725,0.8129973414391878,0.4968529824166628
128,-33.75544738769531,289.93182373046875,-1259.4427490234375,-0.9454339839663587,-0.18957457224841584,-0.26498313817737407,-0.12091205430218448,-0.5510721245522396,0.8256511301184698,-0.3025472807445552,0.8126382929066973,0.49808046319421556
129,-33.73790740966797,289.9220275878906,-1259.4581298828125,-0.9451512769815819,-0.19069193578639143,-0.26518983624212306,-0.12055872521904934,-0.5509000698696167,0.8258175989837037,-0.3035698558711702,0.8124935068317102,0.4976943278385507
130,-33.73305892944336,289.948974609375,-1259.54296875,-0.9450455688345938,-0.19097510958171815,-0.265362733529691,-0.12014474937816945,-0.5520046723269362,0.8251400371610195,-0.3040626777869258,0.8116768749012643,0.498724912880399
131,-33.737674713134766,289.9377746582031,-1259.460693359375,-0.9451398941380501,-0.19072253847796572,-0.2652083969734674,-0.12050280594109682,-0.5510492698606576,0.8257262112506533,-0.3036274926106622,0.8123851398828987,0.497836047538148
132,-33.7430305480957,289.9321594238281,-1259.4796142578125,-0.9452570751971537,-0.1904092805794461,-0.2650157875654586,-0.12083561803410228,-0.5501556406831354,0.8262732746730016,-0.30313003019172985,0.8130640054102425,0.4970302887171106
133,-33.74769592285156,289.9207763671875,-1259.4813232421875,-0.9449367350707915,-0.1915193402782688,-0.26535807696983654,-0.12031569613534421,-0.5507590542164378,0.8259470912002067,-0.30433320551201853,0.8123944894557027,0.4973896797529959
134,-33.74748611450195,289.9268798828125,-1259.4630126953125,-0.9451671924916021,-0.19070138884567908,-0.26512630674807036,-0.12064433268021504,-0.5505087045041478,0.8260660453361526,-0.30348628178171155,0.8127565112366029,0.4973157248798971
135,-33.752811431884766,289.93072509765625,-1259.4765625,-0.9450759606052258,-0.19101986808683621,-0.26522224394307026,-0.12071084416899908,-0.5500993670957676,0.8263289771155575,-0.3037438407377463,0.8129588527821835,0.49682751825654636
136,-33.74258041381836,289.9363708496094,-1259.4676513671875,-0.945113536630891,-0.1910078039865516,-0.2650970043083936,-0.12088117792068513,-0.5493671109670922,0.8267910970808636,-0.3035591271919806,0.8134566959610731,0.4961250448168661
137,-33.742164611816406,289.9352111816406,-1259.4864501953125,-0.9450387349853395,-0.19116486853241457,-0.26525041454499954,-0.12046926177577291,-0.5506040846080249,0.8260280255416032,-0.3039555005991991,0.8125830019462281,0.4973126970061659
138,-33.74321365356445,289.9367980957031,-1259.473876953125,-0.9453351173250891,-0.19005783005193583,-0.2649896926069188,-0.12102313752654877,-0.550095118170331,0.8262861254725263,-0.3028116842778526,0.8131871753791491,0.49702283817113574
139,-33.75132751464844,289.9388732910156,-1259.5213623046875,-0.9448727517554927,-0.19194809067402804,-0.26527610800182916,-0.12042178324489759,-0.5496725332558363,0.8266551277916507,-0.30448986372311626,0.8130289273271318,0.4962558676924349
140,-33.74569320678711,289.92620849609375,-1259.4638671875,-0.9450797113915904,-0.1910467312831569,-0.2651895276627825,-0.12063064948581335,-0.5501990150866397,0.8262743431828938,-0.30376402933958335,0.8128851027443627,0.49693583510918976
141,-33.74832534790039,289.93365478515625,-1259.483154296875,-0.9450830256702974,-0.1910063285511074,-0.2652068193755627,-0.12056515391419088,-0.5504725026799258,0.8261017294830865,-0.3037797199477335,0.8127094230084487,0.49721351098069627
142,-33.753177642822266,289.9347839355469,-1259.4783935546875,-0.9452092310526948,-0.19061593264160526,-0.26503787607801416,-0.12071773560151368,-0.5502273707357929,0.8262427420585429,-0.303326124565651,0.8129670391327977,0.49706926623925934
143,-33.75736618041992,289.90582275390625,-1259.4710693359375,-0.9449667358262633,-0.19138218011573432,-0.2653502012737244,-0.12045778144813302,-0.5505572148829321,0.8260609396581726,-0.30418381132212025,0.8125636062946074,0.49720478140807445
144,-33.75664138793945,289.94598388671875,-1259.517333984375,-0.9453013383509621,-0.19040097594019742,-0.2648638293027198,-0.12095764158653037,-0.5494834784762512,0.8267025800271,-0.3029432762972375,0.8135203594518453,0.4963970145998423
145,-33.74934387207031,289.9308166503906,-1259.445068359375,-0.9452436877933734,-0.1903626443456302,-0.2650970281321969,-0.12085061717277296,-0.5503726958958016,0.826126518120165,-0.30316579460048515,0.8129280160322478,0.497230873673518
146,-33.762977600097656,289.9145812988281,-1259.49658203125,-0.9451867174991716,-0.19064095993283753,-0.2651001574104165,-0.12106827648452693,-0.5493976240842829,0.8267434445337992,-0.3032565605097563,0.813522141706316,0.49620276446364275
